timestamp,indata_type,edge_rate,total_number_of_nodes,alignment_noise,massage_data,add_BNodes_Literals,target_to_source_ratio,remove_triples_percentage,embedding_metric,train_percentage,translate,norm_before_absOrient,norm_after_absOrient,trainingMode,dimension,minCount,sample,window,epochs,numberOfWalks,depth,train-precision,train-recall,train-f1,test-precision,test-recall,test-f1,fname
01/19/2022-18:52:12,synthetic_graph,4,2500,0,True,False,1,0.2,euclidean,0.2,True,True,False,sg,100,1,0.0,6,5,150,4,96.03,96.03,96.03,72.37,72.37,72.37,e6a0966b6f5d44dbb7e806ee
